 &plot nbnd=  16, nks=   151 /
            0.000000  0.000000  0.000000
  -21.498   -9.644   -4.920   -4.920    1.329    2.099    2.272    4.010    4.677    6.463
    6.463    7.445    8.405    9.669   10.960   12.120
            0.010000  0.005774  0.000000
  -21.496   -9.641   -4.930   -4.925    1.333    2.102    2.275    4.013    4.681    6.465
    6.474    7.448    8.408    9.661   10.964   12.123
            0.020000  0.011547  0.000000
  -21.489   -9.633   -4.959   -4.941    1.342    2.112    2.285    4.023    4.690    6.469
    6.505    7.457    8.418    9.635   10.976   12.132
            0.030000  0.017321  0.000000
  -21.477   -9.619   -5.008   -4.968    1.359    2.128    2.302    4.039    4.706    6.476
    6.558    7.473    8.435    9.593   10.996   12.147
            0.040000  0.023094  0.000000
  -21.460   -9.599   -5.077   -5.004    1.381    2.151    2.325    4.062    4.729    6.484
    6.631    7.496    8.458    9.534   11.025   12.168
            0.050000  0.028868  0.000000
  -21.439   -9.573   -5.163   -5.050    1.410    2.181    2.354    4.091    4.758    6.495
    6.724    7.524    8.487    9.459   11.062   12.196
            0.060000  0.034641  0.000000
  -21.412   -9.541   -5.267   -5.105    1.446    2.217    2.390    4.127    4.793    6.505
    6.836    7.559    8.524    9.368   11.108   12.229
            0.070000  0.040415  0.000000
  -21.381   -9.504   -5.388   -5.169    1.488    2.259    2.433    4.169    4.835    6.516
    6.967    7.600    8.567    9.262   11.163   12.268
            0.080000  0.046188  0.000000
  -21.346   -9.461   -5.525   -5.240    1.537    2.309    2.482    4.217    4.883    6.526
    7.116    7.648    8.616    9.141   11.228   12.313
            0.090000  0.051962  0.000000
  -21.305   -9.413   -5.676   -5.318    1.592    2.364    2.538    4.273    4.938    6.534
    7.282    7.702    8.672    9.006   11.302   12.364
            0.100000  0.057735  0.000000
  -21.260   -9.359   -5.842   -5.403    1.654    2.427    2.601    4.334    4.999    6.539
    7.464    7.762    8.734    8.857   11.386   12.420
            0.110000  0.063509  0.000000
  -21.210   -9.299   -6.020   -5.493    1.722    2.496    2.670    4.402    5.067    6.542
    7.662    7.828    8.696    8.802   11.480   12.483
            0.120000  0.069282  0.000000
  -21.156   -9.234   -6.210   -5.588    1.797    2.571    2.745    4.477    5.141    6.542
    7.875    7.900    8.522    8.877   11.584   12.551
            0.130000  0.075056  0.000000
  -21.096   -9.163   -6.410   -5.687    1.878    2.653    2.828    4.558    5.221    6.538
    7.976    8.102    8.339    8.959   11.696   12.625
            0.140000  0.080829  0.000000
  -21.032   -9.087   -6.621   -5.789    1.966    2.741    2.916    4.645    5.307    6.531
    8.043    8.161    8.341    9.046   11.817   12.705
            0.150000  0.086603  0.000000
  -20.964   -9.005   -6.840   -5.894    2.060    2.836    3.012    4.739    5.400    6.519
    7.918    8.170    8.593    9.140   11.947   12.789
            0.160000  0.092376  0.000000
  -20.890   -8.917   -7.066   -6.001    2.160    2.938    3.114    4.839    5.499    6.505
    7.707    8.263    8.856    9.240   12.084   12.880
            0.170000  0.098150  0.000000
  -20.812   -8.824   -7.300   -6.109    2.267    3.046    3.222    4.945    5.603    6.488
    7.483    8.366    9.130    9.346   12.227   12.975
            0.180000  0.103923  0.000000
  -20.730   -8.726   -7.540   -6.219    2.381    3.160    3.337    5.057    5.713    6.468
    7.250    8.475    9.413    9.459   12.377   13.076
            0.190000  0.109697  0.000000
  -20.642   -8.623   -7.786   -6.328    2.501    3.281    3.459    5.176    5.827    6.447
    7.010    8.592    9.578    9.706   12.530   13.181
            0.200000  0.115470  0.000000
  -20.550   -8.514   -8.036   -6.437    2.627    3.408    3.587    5.299    5.944    6.428
    6.764    8.714    9.703   10.007   12.688   13.292
            0.210000  0.121244  0.000000
  -20.454   -8.400   -8.290   -6.546    2.760    3.542    3.721    5.427    6.057    6.416
    6.514    8.843    9.834   10.317   12.847   13.406
            0.220000  0.127017  0.000000
  -20.353   -8.548   -8.281   -6.654    2.899    3.681    3.863    5.556    6.152    6.264
    6.427    8.978    9.972   10.633   13.007   13.525
            0.230000  0.132791  0.000000
  -20.247   -8.808   -8.156   -6.760    3.045    3.827    4.010    5.667    6.034    6.199
    6.491    9.118   10.116   10.955   13.166   13.647
            0.240000  0.138564  0.000000
  -20.137   -9.071   -8.027   -6.865    3.197    3.978    4.165    5.627    5.957    6.200
    6.606    9.265   10.267   11.284   13.323   13.772
            0.250000  0.144338  0.000000
  -20.022   -9.335   -7.893   -6.968    3.356    4.133    4.326    5.402    6.071    6.180
    6.748    9.418   10.423   11.617   13.474   13.899
            0.260000  0.150111  0.000000
  -19.902   -9.601   -7.755   -7.068    3.521    4.290    4.493    5.146    6.151    6.223
    6.904    9.576   10.586   11.955   13.618   14.028
            0.270000  0.155885  0.000000
  -19.779   -9.868   -7.611   -7.166    3.692    4.432    4.667    4.902    6.118    6.389
    7.071    9.740   10.755   12.296   13.752   14.157
            0.280000  0.161658  0.000000
  -19.650  -10.136   -7.463   -7.261    3.869    4.449    4.785    4.847    6.083    6.563
    7.246    9.910   10.930   12.640   13.870   14.284
            0.290000  0.167432  0.000000
  -19.518  -10.403   -7.353   -7.311    4.053    4.238    4.900    5.033    6.049    6.745
    7.428   10.085   11.112   12.985   13.969   14.407
            0.300000  0.173205  0.000000
  -19.381  -10.671   -7.442   -7.155    3.971    4.243    5.076    5.225    6.014    6.933
    7.617   10.265   11.299   13.332   14.043   14.522
            0.310000  0.178979  0.000000
  -19.240  -10.938   -7.527   -6.995    3.695    4.439    5.268    5.422    5.982    7.128
    7.814   10.451   11.493   13.680   14.085   14.625
            0.320000  0.184752  0.000000
  -19.094  -11.204   -7.609   -6.831    3.415    4.640    5.470    5.621    5.957    7.330
    8.016   10.641   11.693   14.026   14.089   14.707
            0.330000  0.190526  0.000000
  -18.944  -11.469   -7.687   -6.664    3.134    4.848    5.679    5.796    5.962    7.537
    8.226   10.836   11.898   14.047   14.370   14.756
            0.340000  0.196299  0.000000
  -18.790  -11.733   -7.761   -6.494    2.855    5.060    5.846    5.896    6.102    7.751
    8.442   11.035   12.110   13.956   14.711   14.757
            0.350000  0.202073  0.000000
  -18.632  -11.995   -7.832   -6.322    2.578    5.274    5.835    6.119    6.315    7.971
    8.664   11.238   12.327   13.816   14.696   15.047
            0.360000  0.207846  0.000000
  -18.470  -12.255   -7.898   -6.148    2.304    5.483    5.828    6.349    6.543    8.197
    8.893   11.444   12.551   13.629   14.564   15.378
            0.370000  0.213620  0.000000
  -18.304  -12.513   -7.960   -5.972    2.035    5.644    5.875    6.586    6.781    8.428
    9.128   11.652   12.779   13.403   14.370   15.205
            0.380000  0.219393  0.000000
  -18.134  -12.768   -8.018   -5.796    1.770    5.688    6.045    6.829    7.025    8.666
    9.369   11.860   13.003   13.155   14.131   14.814
            0.390000  0.225167  0.000000
  -17.960  -13.021   -8.071   -5.620    1.513    5.681    6.273    7.078    7.277    8.909
    9.617   12.064   12.854   13.262   13.864   14.426
            0.400000  0.230940  0.000000
  -17.783  -13.270   -8.120   -5.446    1.263    5.665    6.519    7.333    7.536    9.157
    9.871   12.259   12.556   13.505   13.586   14.041
            0.410000  0.236714  0.000000
  -17.603  -13.517   -8.165   -5.274    1.022    5.647    6.774    7.594    7.801    9.411
   10.130   12.245   12.422   13.322   13.659   13.757
            0.420000  0.242487  0.000000
  -17.420  -13.759   -8.205   -5.108    0.793    5.630    7.036    7.861    8.073    9.669
   10.396   11.926   12.491   13.139   13.285   14.011
            0.430000  0.248261  0.000000
  -17.235  -13.997   -8.240   -4.948    0.578    5.614    7.305    8.134    8.351    9.932
   10.668   11.603   12.366   12.915   13.127   14.269
            0.440000  0.254034  0.000000
  -17.048  -14.230   -8.271   -4.798    0.380    5.600    7.580    8.413    8.636   10.198
   10.943   11.280   12.109   12.550   13.199   14.049
            0.450000  0.259808  0.000000
  -16.861  -14.455   -8.297   -4.660    0.201    5.588    7.862    8.697    8.928   10.466
   10.946   11.235   11.814   12.190   13.198   13.937
            0.460000  0.265581  0.000000
  -16.677  -14.671   -8.318   -4.539    0.047    5.577    8.148    8.986    9.225   10.625
   10.729   11.513   11.521   11.837   13.051   13.976
            0.470000  0.271355  0.000000
  -16.500  -14.873   -8.335   -4.439   -0.080    5.569    8.441    9.280    9.529   10.303
   10.936   11.267   11.488   11.816   12.816   13.686
            0.480000  0.277128  0.000000
  -16.340  -15.051   -8.347   -4.363   -0.175    5.564    8.737    9.577    9.836    9.988
   10.802   11.147   11.360   12.116   12.554   13.365
            0.490000  0.282902  0.000000
  -16.218  -15.183   -8.354   -4.316   -0.233    5.560    9.037    9.668    9.874   10.159
   10.516   10.811   11.595   12.300   12.420   13.046
            0.500000  0.288675  0.000000
  -16.170  -15.235   -8.356   -4.300   -0.253    5.559    9.290    9.412   10.101   10.289
   10.468   10.496   11.740   12.153   12.710   12.752
            0.496667  0.294449  0.000000
  -16.169  -15.235   -8.360   -4.299   -0.253    5.564    9.291    9.413   10.101   10.290
   10.469   10.497   11.739   12.154   12.711   12.753
            0.493333  0.300222  0.000000
  -16.167  -15.233   -8.371   -4.296   -0.254    5.578    9.294    9.416   10.101   10.293
   10.472   10.500   11.738   12.157   12.714   12.756
            0.490000  0.305996  0.000000
  -16.163  -15.229   -8.389   -4.291   -0.255    5.602    9.299    9.421   10.102   10.299
   10.477   10.505   11.737   12.162   12.719   12.761
            0.486667  0.311769  0.000000
  -16.159  -15.224   -8.414   -4.285   -0.256    5.636    9.305    9.428   10.103   10.306
   10.485   10.513   11.735   12.170   12.725   12.768
            0.483333  0.317543  0.000000
  -16.153  -15.218   -8.446   -4.276   -0.258    5.679    9.314    9.437   10.104   10.316
   10.494   10.523   11.732   12.180   12.733   12.777
            0.480000  0.323316  0.000000
  -16.145  -15.210   -8.484   -4.265   -0.260    5.732    9.324    9.448   10.105   10.328
   10.506   10.534   11.728   12.192   12.743   12.788
            0.476667  0.329090  0.000000
  -16.136  -15.202   -8.530   -4.253   -0.263    5.793    9.336    9.461   10.106   10.343
   10.520   10.548   11.724   12.206   12.754   12.801
            0.473333  0.334863  0.000000
  -16.126  -15.191   -8.582   -4.238   -0.266    5.863    9.350    9.476   10.106   10.359
   10.536   10.564   11.719   12.222   12.768   12.816
            0.470000  0.340637  0.000000
  -16.115  -15.180   -8.640   -4.222   -0.270    5.942    9.366    9.493   10.106   10.378
   10.554   10.583   11.713   12.241   12.783   12.832
            0.466667  0.346410  0.000000
  -16.102  -15.167   -8.704   -4.203   -0.274    6.029    9.384    9.512   10.104   10.398
   10.574   10.603   11.707   12.262   12.800   12.851
            0.463333  0.352184  0.000000
  -16.088  -15.152   -8.773   -4.183   -0.280    6.125    9.403    9.533   10.102   10.421
   10.596   10.626   11.700   12.285   12.819   12.872
            0.460000  0.357957  0.000000
  -16.072  -15.137   -8.848   -4.160   -0.285    6.228    9.425    9.555   10.097   10.447
   10.621   10.650   11.692   12.310   12.839   12.895
            0.456667  0.363731  0.000000
  -16.056  -15.120   -8.929   -4.136   -0.292    6.338    9.448    9.580   10.091   10.474
   10.647   10.677   11.684   12.337   12.861   12.919
            0.453333  0.369504  0.000000
  -16.037  -15.101   -9.014   -4.110   -0.300    6.456    9.473    9.607   10.082   10.504
   10.676   10.706   11.676   12.366   12.884   12.946
            0.450000  0.375278  0.000000
  -16.018  -15.082   -9.104   -4.082   -0.308    6.580    9.500    9.635   10.070   10.535
   10.707   10.737   11.668   12.398   12.909   12.974
            0.446667  0.381051  0.000000
  -15.997  -15.061   -9.198   -4.052   -0.317    6.711    9.528    9.666   10.055   10.569
   10.739   10.770   11.661   12.432   12.936   13.004
            0.443333  0.386825  0.000000
  -15.975  -15.039   -9.296   -4.020   -0.328    6.848    9.559    9.698   10.035   10.606
   10.774   10.806   11.655   12.468   12.964   13.036
            0.440000  0.392598  0.000000
  -15.951  -15.015   -9.398   -3.986   -0.340    6.991    9.590    9.733   10.012   10.644
   10.811   10.843   11.651   12.506   12.994   13.070
            0.436667  0.398372  0.000000
  -15.926  -14.991   -9.504   -3.951   -0.353    7.139    9.624    9.769    9.983   10.684
   10.850   10.883   11.650   12.546   13.025   13.106
            0.433333  0.404145  0.000000
  -15.900  -14.965   -9.612   -3.913   -0.367    7.293    9.659    9.807    9.950   10.727
   10.892   10.924   11.651   12.589   13.057   13.144
            0.430000  0.409919  0.000000
  -15.872  -14.938   -9.724   -3.873   -0.383    7.451    9.696    9.847    9.912   10.772
   10.935   10.968   11.656   12.633   13.091   13.183
            0.426667  0.415692  0.000000
  -15.843  -14.911   -9.838   -3.832   -0.401    7.613    9.735    9.869    9.889   10.819
   10.980   11.014   11.664   12.680   13.125   13.224
            0.423333  0.421466  0.000000
  -15.813  -14.882   -9.954   -3.788   -0.420    7.780    9.775    9.821    9.932   10.868
   11.028   11.062   11.677   12.729   13.161   13.267
            0.420000  0.427239  0.000000
  -15.781  -14.852  -10.073   -3.743   -0.441    7.950    9.769    9.816    9.977   10.920
   11.077   11.112   11.694   12.780   13.198   13.311
            0.416667  0.433013  0.000000
  -15.748  -14.821  -10.194   -3.696   -0.464    8.123    9.713    9.859   10.024   10.974
   11.129   11.165   11.715   12.834   13.236   13.357
            0.413333  0.438786  0.000000
  -15.714  -14.789  -10.316   -3.647   -0.489    8.299    9.654    9.904   10.073   11.029
   11.182   11.219   11.741   12.889   13.274   13.405
            0.410000  0.444560  0.000000
  -15.678  -14.756  -10.439   -3.596   -0.517    8.477    9.592    9.950   10.124   11.087
   11.238   11.275   11.772   12.947   13.313   13.454
            0.406667  0.450333  0.000000
  -15.641  -14.723  -10.563   -3.543   -0.546    8.657    9.528    9.997   10.176   11.148
   11.296   11.334   11.807   13.007   13.352   13.505
            0.403333  0.456107  0.000000
  -15.603  -14.689  -10.688   -3.488   -0.578    8.838    9.463   10.045   10.230   11.210
   11.355   11.394   11.846   13.069   13.392   13.557
            0.400000  0.461880  0.000000
  -15.563  -14.654  -10.814   -3.431   -0.613    9.020    9.397   10.094   10.285   11.275
   11.417   11.457   11.889   13.133   13.432   13.610
            0.396667  0.467654  0.000000
  -15.522  -14.619  -10.940   -3.373   -0.650    9.202    9.331   10.145   10.343   11.341
   11.481   11.522   11.936   13.199   13.472   13.664
            0.393333  0.473427  0.000000
  -15.480  -14.584  -11.065   -3.313   -0.689    9.266    9.384   10.196   10.402   11.410
   11.546   11.588   11.987   13.268   13.511   13.720
            0.390000  0.479201  0.000000
  -15.436  -14.549  -11.190   -3.250   -0.732    9.202    9.564   10.249   10.463   11.481
   11.614   11.657   12.041   13.338   13.550   13.776
            0.386667  0.484974  0.000000
  -15.391  -14.515  -11.315   -3.186   -0.777    9.139    9.742   10.302   10.526   11.555
   11.683   11.728   12.099   13.411   13.589   13.834
            0.383333  0.490748  0.000000
  -15.345  -14.480  -11.438   -3.120   -0.825    9.079    9.916   10.355   10.592   11.630
   11.754   11.801   12.160   13.486   13.626   13.892
            0.380000  0.496521  0.000000
  -15.297  -14.447  -11.559   -3.052   -0.876    9.021   10.084   10.409   10.661   11.708
   11.828   11.876   12.223   13.563   13.663   13.950
            0.376667  0.502295  0.000000
  -15.248  -14.415  -11.678   -2.983   -0.931    8.966   10.244   10.464   10.734   11.788
   11.903   11.953   12.290   13.643   13.698   14.009
            0.373333  0.508068  0.000000
  -15.198  -14.385  -11.794   -2.911   -0.988    8.914   10.394   10.518   10.813   11.870
   11.980   12.032   12.360   13.724   13.733   14.067
            0.370000  0.513842  0.000000
  -15.146  -14.357  -11.907   -2.838   -1.049    8.866   10.529   10.573   10.899   11.954
   12.058   12.112   12.432   13.766   13.808   14.124
            0.366667  0.519615  0.000000
  -15.093  -14.332  -12.015   -2.763   -1.112    8.822   10.627   10.648   10.995   12.040
   12.139   12.195   12.506   13.798   13.894   14.178
            0.363333  0.525389  0.000000
  -15.039  -14.312  -12.118   -2.686   -1.179    8.781   10.680   10.748   11.097   12.129
   12.221   12.280   12.582   13.829   13.981   14.227
            0.360000  0.531162  0.000000
  -14.983  -14.296  -12.215   -2.607   -1.249    8.745   10.733   10.833   11.201   12.219
   12.305   12.366   12.660   13.860   14.072   14.262
            0.356667  0.536936  0.000000
  -14.926  -14.287  -12.303   -2.526   -1.321    8.713   10.785   10.905   11.302   12.312
   12.390   12.454   12.739   13.890   14.164   14.251
            0.353333  0.542709  0.000000
  -14.868  -14.286  -12.383   -2.444   -1.397    8.686   10.836   10.968   11.393   12.407
   12.477   12.543   12.819   13.921   14.138   14.258
            0.350000  0.548483  0.000000
  -14.808  -14.293  -12.452   -2.360   -1.476    8.662   10.884   11.021   11.471   12.504
   12.566   12.633   12.898   13.952   13.973   14.201
            0.346667  0.554256  0.000000
  -14.747  -14.310  -12.509   -2.274   -1.558    8.643   10.931   11.065   11.532   12.603
   12.656   12.724   12.974   13.798   13.984   14.046
            0.343333  0.560030  0.000000
  -14.685  -14.338  -12.554   -2.186   -1.643    8.629   10.976   11.098   11.575   12.705
   12.747   12.816   13.042   13.620   13.883   14.018
            0.340000  0.565803  0.000000
  -14.622  -14.378  -12.586   -2.097   -1.730    8.619   11.019   11.116   11.601   12.809
   12.840   12.907   13.090   13.440   13.733   14.055
            0.336667  0.571577  0.000000
  -14.557  -14.429  -12.605   -2.005   -1.820    8.613   11.058   11.117   11.613   12.914
   12.934   12.995   13.094   13.260   13.624   14.094
            0.333333  0.577350  0.000000
  -14.491  -14.491  -12.611   -1.912   -1.912    8.611   11.094   11.094   11.615   13.022
   13.022   13.029   13.029   13.132   13.587   14.137
            0.326667  0.565803  0.000000
  -14.642  -14.354  -12.589   -2.105   -1.721    8.618   10.973   11.157   11.611   12.676
   12.720   13.222   13.245   13.289   13.663   14.064
            0.320000  0.554256  0.000000
  -14.824  -14.213  -12.529   -2.306   -1.523    8.639   10.761   11.204   11.599   12.292
   12.355   13.420   13.472   13.475   13.744   13.984
            0.313333  0.542709  0.000000
  -15.027  -14.066  -12.440   -2.515   -1.319    8.671   10.489   11.235   11.563   11.915
   11.983   13.623   13.625   13.646   13.715   13.866
            0.306667  0.531162  0.000000
  -15.243  -13.915  -12.330   -2.731   -1.108    8.710   10.181   11.250   11.421   11.617
   11.622   13.379   13.517   13.831   13.929   13.963
            0.300000  0.519615  0.000000
  -15.468  -13.758  -12.203   -2.952   -0.890    8.751    9.855   11.085   11.249   11.264
   11.501   13.064   13.235   14.046   14.122   14.219
            0.293333  0.508068  0.000000
  -15.697  -13.596  -12.063   -3.178   -0.666    8.784    9.520   10.714   10.932   11.234
   11.394   12.745   12.916   14.267   14.337   14.484
            0.286667  0.496521  0.000000
  -15.928  -13.429  -11.912   -3.407   -0.435    8.800    9.181   10.344   10.627   11.207
   11.268   12.435   12.584   14.496   14.564   14.757
            0.280000  0.484974  0.000000
  -16.160  -13.258  -11.752   -3.639   -0.199    8.780    8.842    9.979   10.359   11.124
   11.169   12.145   12.248   14.734   14.800   15.038
            0.273333  0.473427  0.000000
  -16.390  -13.081  -11.585   -3.873    0.044    8.505    8.708    9.621   10.138   10.963
   11.121   11.884   11.914   14.877   14.980   15.026
            0.266667  0.461880  0.000000
  -16.619  -12.900  -11.411   -4.108    0.292    8.173    8.572    9.271    9.961   10.789
   11.065   11.585   11.664   14.631   15.014   15.233
            0.260000  0.450333  0.000000
  -16.845  -12.713  -11.231   -4.343    0.546    7.846    8.379    8.928    9.807   10.605
   11.004   11.262   11.497   14.373   14.754   15.494
            0.253333  0.438786  0.000000
  -17.068  -12.522  -11.046   -4.577    0.805    7.524    8.144    8.593    9.650   10.412
   10.936   10.947   11.391   14.122   14.468   15.759
            0.246667  0.427239  0.000000
  -17.286  -12.326  -10.857   -4.809    1.070    7.210    7.885    8.266    9.471   10.210
   10.644   10.865   11.340   13.890   14.177   16.027
            0.240000  0.415692  0.000000
  -17.501  -12.126  -10.663   -5.040    1.339    6.902    7.613    7.948    9.266    9.999
   10.355   10.790   11.328   13.688   13.886   16.292
            0.233333  0.404145  0.000000
  -17.712  -11.921  -10.465   -5.269    1.614    6.601    7.337    7.638    9.041    9.776
   10.084   10.712   11.330   13.526   13.600   16.548
            0.226667  0.392598  0.000000
  -17.918  -11.712  -10.264   -5.494    1.892    6.308    7.061    7.337    8.803    9.539
    9.835   10.632   11.322   13.318   13.419   16.781
            0.220000  0.381051  0.000000
  -18.119  -11.499  -10.059   -5.716    2.175    6.023    6.787    7.044    8.558    9.290
    9.608   10.550   11.281   13.043   13.375   16.970
            0.213333  0.369504  0.000000
  -18.315  -11.281   -9.852   -5.934    2.462    5.745    6.517    6.760    8.311    9.035
    9.398   10.465   11.200   12.773   13.396   16.899
            0.206667  0.357957  0.000000
  -18.506  -11.060   -9.643   -6.148    2.752    5.476    6.253    6.484    8.064    8.780
    9.200   10.379   11.079   12.511   13.472   16.717
            0.200000  0.346410  0.000000
  -18.691  -10.835   -9.432   -6.357    3.045    5.215    5.996    6.217    7.821    8.527
    9.010   10.292   10.928   12.256   13.585   16.553
            0.193333  0.334863  0.000000
  -18.871  -10.606   -9.220   -6.561    3.341    4.961    5.745    5.959    7.582    8.280
    8.829   10.202   10.757   12.008   13.716   16.418
            0.186667  0.323316  0.000000
  -19.046  -10.374   -9.006   -6.761    3.639    4.717    5.502    5.709    7.348    8.040
    8.654   10.111   10.573   11.768   13.843   16.324
            0.180000  0.311769  0.000000
  -19.215  -10.138   -8.792   -6.955    3.940    4.480    5.266    5.468    7.120    7.806
    8.486   10.017   10.384   11.536   13.947   16.274
            0.173333  0.300222  0.000000
  -19.379   -9.900   -8.578   -7.143    4.241    4.252    5.038    5.236    6.900    7.581
    8.324    9.922   10.192   11.312   14.011   15.955
            0.166667  0.288675  0.000000
  -19.536   -9.658   -8.364   -7.325    4.032    4.543    4.819    5.012    6.686    7.363
    8.169    9.823   10.001   11.095   14.025   15.622
            0.160000  0.277128  0.000000
  -19.688   -9.415   -8.152   -7.501    3.821    4.607    4.797    4.845    6.479    7.153
    8.021    9.721    9.813   10.887   13.993   15.280
            0.153333  0.265581  0.000000
  -19.834   -9.169   -7.940   -7.672    3.618    4.404    4.591    5.146    6.281    6.952
    7.879    9.615    9.630   10.687   13.924   14.935
            0.146667  0.254034  0.000000
  -19.975   -8.922   -7.835   -7.731    3.424    4.209    4.394    5.446    6.090    6.758
    7.744    9.451    9.504   10.495   13.830   14.592
            0.140000  0.242487  0.000000
  -20.109   -8.674   -7.993   -7.524    3.238    4.022    4.206    5.744    5.907    6.574
    7.617    9.279    9.387   10.312   13.720   14.253
            0.133333  0.230940  0.000000
  -20.237   -8.425   -8.143   -7.320    3.061    3.844    4.026    5.732    6.039    6.397
    7.496    9.113    9.265   10.136   13.600   13.924
            0.126667  0.219393  0.000000
  -20.359   -8.287   -8.176   -7.120    2.892    3.674    3.855    5.565    6.230    6.330
    7.383    8.954    9.135    9.969   13.477   13.605
            0.120000  0.207846  0.000000
  -20.475   -8.424   -7.928   -6.924    2.732    3.513    3.693    5.407    6.070    6.617
    7.277    8.802    8.997    9.811   13.301   13.353
            0.113333  0.196299  0.000000
  -20.585   -8.554   -7.681   -6.734    2.580    3.361    3.539    5.256    5.920    6.897
    7.178    8.657    8.850    9.660   13.013   13.231
            0.106667  0.184752  0.000000
  -20.689   -8.677   -7.436   -6.549    2.438    3.217    3.394    5.115    5.778    7.086
    7.171    8.521    8.695    9.519   12.743   13.112
            0.100000  0.173205  0.000000
  -20.786   -8.793   -7.195   -6.370    2.303    3.082    3.258    4.981    5.644    7.002
    7.437    8.392    8.531    9.385   12.493   12.998
            0.093333  0.161658  0.000000
  -20.878   -8.902   -6.957   -6.199    2.178    2.955    3.131    4.856    5.520    6.924
    7.694    8.271    8.358    9.260   12.264   12.889
            0.086667  0.150111  0.000000
  -20.963   -9.004   -6.725   -6.036    2.061    2.838    3.013    4.740    5.403    6.853
    7.940    8.158    8.178    9.143   12.057   12.787
            0.080000  0.138564  0.000000
  -21.042   -9.098   -6.499   -5.882    1.953    2.728    2.903    4.632    5.296    6.790
    7.993    8.053    8.175    9.035   11.872   12.690
            0.073333  0.127017  0.000000
  -21.115   -9.185   -6.281   -5.736    1.853    2.628    2.802    4.533    5.197    6.732
    7.805    7.956    8.396    8.935   11.707   12.601
            0.066667  0.115470  0.000000
  -21.181   -9.264   -6.072   -5.601    1.762    2.536    2.710    4.442    5.107    6.682
    7.617    7.868    8.604    8.843   11.563   12.519
            0.060000  0.103923  0.000000
  -21.241   -9.336   -5.875   -5.476    1.680    2.453    2.627    4.360    5.025    6.637
    7.433    7.787    8.760    8.797   11.437   12.444
            0.053333  0.092376  0.000000
  -21.295   -9.401   -5.692   -5.363    1.606    2.379    2.553    4.287    4.952    6.598
    7.255    7.716    8.686    8.973   11.329   12.376
            0.046667  0.080829  0.000000
  -21.343   -9.458   -5.523   -5.261    1.541    2.313    2.487    4.222    4.888    6.565
    7.088    7.652    8.620    9.131   11.237   12.317
            0.040000  0.069282  0.000000
  -21.384   -9.507   -5.371   -5.172    1.485    2.256    2.430    4.166    4.832    6.537
    6.934    7.597    8.563    9.270   11.160   12.265
            0.033333  0.057735  0.000000
  -21.419   -9.549   -5.238   -5.096    1.438    2.208    2.382    4.118    4.785    6.514
    6.798    7.551    8.515    9.390   11.097   12.221
            0.026667  0.046188  0.000000
  -21.447   -9.583   -5.126   -5.033    1.399    2.169    2.342    4.079    4.746    6.495
    6.681    7.512    8.475    9.490   11.047   12.184
            0.020000  0.034641  0.000000
  -21.469   -9.610   -5.037   -4.984    1.368    2.138    2.312    4.049    4.716    6.481
    6.588    7.483    8.444    9.568   11.008   12.156
            0.013333  0.023094  0.000000
  -21.485   -9.629   -4.972   -4.948    1.347    2.116    2.290    4.027    4.695    6.471
    6.519    7.462    8.422    9.624   10.981   12.136
            0.006667  0.011547  0.000000
  -21.495   -9.640   -4.933   -4.927    1.334    2.103    2.277    4.014    4.682    6.465
    6.477    7.449    8.409    9.658   10.965   12.124
            0.000000  0.000000  0.000000
  -21.498   -9.644   -4.920   -4.920    1.329    2.099    2.272    4.010    4.677    6.463
    6.463    7.445    8.405    9.669   10.960   12.120
