  0.00000000E+00 -0.95988269E+01
  0.14769330E-01 -0.94259974E+01
  0.29538660E-01 -0.92601175E+01
  0.44307990E-01 -0.91160371E+01
  0.59077319E-01 -0.90053264E+01
  0.73846649E-01 -0.89343304E+01
  0.88615979E-01 -0.89036289E+01
  0.10338531E+00 -0.89089880E+01
  0.11815464E+00 -0.89431713E+01
  0.13292397E+00 -0.89977931E+01
  0.14769330E+00 -0.90647036E+01
  0.16246263E+00 -0.91367948E+01
  0.17723196E+00 -0.92083475E+01
  0.19200129E+00 -0.92750863E+01
  0.20677062E+00 -0.93340778E+01
  0.22153995E+00 -0.93835550E+01
  0.23630928E+00 -0.94227128E+01
  0.25107861E+00 -0.94514956E+01
  0.26584794E+00 -0.94703865E+01
  0.28061727E+00 -0.94802037E+01
  0.29538660E+00 -0.94819081E+01
  0.31015593E+00 -0.94764283E+01
  0.32492526E+00 -0.94645141E+01
  0.33969459E+00 -0.94466289E+01
  0.35446392E+00 -0.94228938E+01
  0.36923325E+00 -0.93930920E+01
  0.38400258E+00 -0.93567354E+01
  0.39877191E+00 -0.93131850E+01
  0.41354124E+00 -0.92618074E+01
  0.42831057E+00 -0.92021410E+01
  0.44307990E+00 -0.91340441E+01
  0.45784923E+00 -0.90578023E+01
  0.47261856E+00 -0.89741779E+01
  0.48738789E+00 -0.88844012E+01
  0.50215722E+00 -0.87901065E+01
  0.51692655E+00 -0.86932292E+01
  0.53169587E+00 -0.85958787E+01
  0.54646520E+00 -0.85002049E+01
  0.56123453E+00 -0.84082695E+01
  0.57600386E+00 -0.83219320E+01
  0.59077319E+00 -0.82427556E+01
  0.60554252E+00 -0.81719337E+01
  0.62031185E+00 -0.81102370E+01
  0.63508118E+00 -0.80579806E+01
  0.64985051E+00 -0.80150092E+01
  0.66461984E+00 -0.79807008E+01
  0.67938917E+00 -0.79539882E+01
  0.69415850E+00 -0.79333999E+01
  0.70892783E+00 -0.79171192E+01
  0.72369716E+00 -0.79030635E+01
  0.73846649E+00 -0.78889810E+01
  0.75323582E+00 -0.78725622E+01
  0.76800515E+00 -0.78515614E+01
  0.78277448E+00 -0.78239207E+01
  0.79754381E+00 -0.77878888E+01
  0.81231314E+00 -0.77421236E+01
  0.82708247E+00 -0.76857703E+01
  0.84185180E+00 -0.76185072E+01
  0.85662113E+00 -0.75405521E+01
  0.87139046E+00 -0.74526302E+01
  0.88615979E+00 -0.73559040E+01
  0.90092912E+00 -0.72518729E+01
  0.91569845E+00 -0.71422536E+01
  0.93046778E+00 -0.70288535E+01
  0.94523711E+00 -0.69134500E+01
  0.96000644E+00 -0.67976873E+01
  0.97477577E+00 -0.66829991E+01
  0.98954510E+00 -0.65705586E+01
  0.10043144E+01 -0.64612577E+01
  0.10190838E+01 -0.63557081E+01
  0.10338531E+01 -0.62542608E+01
  0.10486224E+01 -0.61570347E+01
  0.10633917E+01 -0.60639514E+01
  0.10781611E+01 -0.59747691E+01
  0.10929304E+01 -0.58891156E+01
  0.11076997E+01 -0.58065186E+01
  0.11224691E+01 -0.57264339E+01
  0.11372384E+01 -0.56482730E+01
  0.11520077E+01 -0.55714313E+01
  0.11667771E+01 -0.54953183E+01
  0.11815464E+01 -0.54193909E+01
  0.11963157E+01 -0.53431879E+01
  0.12110850E+01 -0.52663675E+01
  0.12258544E+01 -0.51887427E+01
  0.12406237E+01 -0.51103132E+01
  0.12553930E+01 -0.50312887E+01
  0.12701624E+01 -0.49521007E+01
  0.12849317E+01 -0.48733982E+01
  0.12997010E+01 -0.47960243E+01
  0.13144704E+01 -0.47209745E+01
  0.13292397E+01 -0.46493375E+01
  0.13440090E+01 -0.45822234E+01
  0.13587783E+01 -0.45206891E+01
  0.13735477E+01 -0.44656675E+01
  0.13883170E+01 -0.44179129E+01
  0.14030863E+01 -0.43779668E+01
  0.14178557E+01 -0.43461496E+01
  0.14326250E+01 -0.43225753E+01
  0.14473943E+01 -0.43071836E+01
  0.14621637E+01 -0.42997824E+01
  0.14769330E+01 -0.43000921E+01
  0.14916334E+01 -0.42959343E+01
  0.15063338E+01 -0.42898472E+01
  0.15210341E+01 -0.42819694E+01
  0.15357345E+01 -0.42723964E+01
  0.15504349E+01 -0.42612205E+01
  0.15651353E+01 -0.42485751E+01
  0.15798357E+01 -0.42346741E+01
  0.15945361E+01 -0.42198320E+01
  0.16092365E+01 -0.42044587E+01
  0.16239368E+01 -0.41890270E+01
  0.16386372E+01 -0.41740162E+01
  0.16533376E+01 -0.41598389E+01
  0.16680380E+01 -0.41467649E+01
  0.16827384E+01 -0.41348528E+01
  0.16974388E+01 -0.41239044E+01
  0.17121392E+01 -0.41134489E+01
  0.17268396E+01 -0.41027645E+01
  0.17415399E+01 -0.40909332E+01
  0.17562403E+01 -0.40769258E+01
  0.17709407E+01 -0.40597039E+01
  0.17856411E+01 -0.40383286E+01
  0.18003415E+01 -0.40120625E+01
  0.18150419E+01 -0.39804528E+01
  0.18297423E+01 -0.39433877E+01
  0.18444426E+01 -0.39011182E+01
  0.18591430E+01 -0.38542435E+01
  0.18738434E+01 -0.38036593E+01
  0.18885438E+01 -0.37504751E+01
  0.19032442E+01 -0.36959106E+01
  0.19179446E+01 -0.36411852E+01
  0.19326450E+01 -0.35874198E+01
  0.19473453E+01 -0.35355663E+01
  0.19620457E+01 -0.34863751E+01
  0.19767461E+01 -0.34404011E+01
  0.19914465E+01 -0.33980358E+01
  0.20061469E+01 -0.33595467E+01
  0.20208473E+01 -0.33251028E+01
  0.20355477E+01 -0.32947706E+01
  0.20502480E+01 -0.32684768E+01
  0.20649484E+01 -0.32459429E+01
  0.20796488E+01 -0.32266101E+01
  0.20943492E+01 -0.32095722E+01
  0.21090496E+01 -0.31935380E+01
  0.21237500E+01 -0.31768370E+01
  0.21384504E+01 -0.31574714E+01
  0.21531508E+01 -0.31332133E+01
  0.21678511E+01 -0.31017343E+01
  0.21825515E+01 -0.30607546E+01
  0.21972519E+01 -0.30081960E+01
  0.22119523E+01 -0.29423269E+01
  0.22266527E+01 -0.28618874E+01
  0.22413531E+01 -0.27661871E+01
  0.22560535E+01 -0.26551707E+01
  0.22707538E+01 -0.25294489E+01
  0.22854542E+01 -0.23902921E+01
  0.23001546E+01 -0.22395896E+01
  0.23148550E+01 -0.20797763E+01
  0.23295554E+01 -0.19138788E+01
  0.23443836E+01 -0.20363845E+01
  0.23592118E+01 -0.21594637E+01
  0.23740400E+01 -0.22816198E+01
  0.23888682E+01 -0.24015757E+01
  0.24036965E+01 -0.25183523E+01
  0.24185247E+01 -0.26313239E+01
  0.24333529E+01 -0.27402448E+01
  0.24481811E+01 -0.28452415E+01
  0.24630093E+01 -0.29467666E+01
  0.24778375E+01 -0.30455120E+01
  0.24926658E+01 -0.31422859E+01
  0.25074940E+01 -0.32378624E+01
  0.25223222E+01 -0.33328258E+01
  0.25371504E+01 -0.34274373E+01
  0.25519786E+01 -0.35215608E+01
  0.25668068E+01 -0.36146740E+01
  0.25816350E+01 -0.37059812E+01
  0.25964633E+01 -0.37946130E+01
  0.26112915E+01 -0.38798794E+01
  0.26261197E+01 -0.39615164E+01
  0.26409479E+01 -0.40398641E+01
  0.26557761E+01 -0.41159231E+01
  0.26706043E+01 -0.41912604E+01
  0.26854326E+01 -0.42677771E+01
  0.27002608E+01 -0.43473909E+01
  0.27150890E+01 -0.44317143E+01
  0.27299172E+01 -0.45218065E+01
  0.27447454E+01 -0.46180479E+01
  0.27595736E+01 -0.47201445E+01
  0.27744018E+01 -0.48272331E+01
  0.27892301E+01 -0.49380443E+01
  0.28040583E+01 -0.50510831E+01
  0.28188865E+01 -0.51647984E+01
  0.28337147E+01 -0.52777246E+01
  0.28485429E+01 -0.53885902E+01
  0.28633711E+01 -0.54963897E+01
  0.28781994E+01 -0.56004224E+01
  0.28930276E+01 -0.57002985E+01
  0.29078558E+01 -0.57959176E+01
  0.29226840E+01 -0.58874221E+01
  0.29375122E+01 -0.59751335E+01
  0.29523404E+01 -0.60594778E+01
  0.29671686E+01 -0.61409124E+01
  0.29819969E+01 -0.62198669E+01
  0.29968251E+01 -0.62967125E+01
  0.30116533E+01 -0.63717687E+01
  0.30264815E+01 -0.64453531E+01
  0.30413097E+01 -0.65178646E+01
  0.30561379E+01 -0.65898774E+01
  0.30709662E+01 -0.66622125E+01
  0.30857944E+01 -0.67359519E+01
  0.31006226E+01 -0.68123712E+01
  0.31154508E+01 -0.68927917E+01
  0.31302790E+01 -0.69783805E+01
  0.31451072E+01 -0.70699439E+01
  0.31599354E+01 -0.71677652E+01
  0.31747637E+01 -0.72715176E+01
  0.31895919E+01 -0.73802642E+01
  0.32044201E+01 -0.74925314E+01
  0.32192483E+01 -0.76064328E+01
  0.32340765E+01 -0.77198184E+01
  0.32489047E+01 -0.78304274E+01
  0.32637330E+01 -0.79360319E+01
  0.32785612E+01 -0.80345633E+01
  0.32933894E+01 -0.81242182E+01
  0.33082176E+01 -0.82035445E+01
  0.33230458E+01 -0.82715064E+01
  0.33378740E+01 -0.83275325E+01
  0.33527022E+01 -0.83715464E+01
  0.33675305E+01 -0.84039833E+01
  0.33823587E+01 -0.84257936E+01
  0.33971869E+01 -0.84384364E+01
  0.34120151E+01 -0.84438636E+01
  0.34268433E+01 -0.84444947E+01
  0.34416715E+01 -0.84431793E+01
  0.34564998E+01 -0.84431380E+01
  0.34713280E+01 -0.84478627E+01
  0.34861562E+01 -0.84609432E+01
  0.35009844E+01 -0.84857756E+01
  0.35158126E+01 -0.85251082E+01
  0.35306408E+01 -0.85804277E+01
  0.35454690E+01 -0.86512997E+01
  0.35602973E+01 -0.87349320E+01
  0.35751255E+01 -0.88262989E+01
  0.35899537E+01 -0.89189983E+01
  0.36047819E+01 -0.90066239E+01
  0.36196101E+01 -0.90841215E+01
  0.36344383E+01 -0.91486151E+01
  0.36492666E+01 -0.91994986E+01
  0.36640948E+01 -0.92379306E+01
  0.36789230E+01 -0.92660420E+01
  0.36937512E+01 -0.92861614E+01
  0.37085794E+01 -0.93002475E+01
  0.37234076E+01 -0.93095888E+01
  0.37382358E+01 -0.93147347E+01
  0.37530641E+01 -0.93155841E+01
  0.37678923E+01 -0.93115568E+01
  0.37827205E+01 -0.93017935E+01
  0.37975487E+01 -0.92853563E+01
  0.38123769E+01 -0.92614200E+01
  0.38272051E+01 -0.92294527E+01
  0.38420334E+01 -0.91893974E+01
  0.38568616E+01 -0.91418614E+01
  0.38716898E+01 -0.90883250E+01
  0.38865180E+01 -0.90313720E+01
  0.39013462E+01 -0.89749325E+01
  0.39161744E+01 -0.89245008E+01
  0.39310026E+01 -0.88872373E+01
  0.39458309E+01 -0.88717876E+01
  0.39606591E+01 -0.88875713E+01
  0.39754873E+01 -0.89433168E+01
  0.39903155E+01 -0.90448764E+01
  0.40051437E+01 -0.91929176E+01
  0.40199719E+01 -0.93815616E+01
  0.40348002E+01 -0.95988269E+01
  
  0.00000000E+00 -0.66360271E+00
  0.14769330E-01 -0.69556578E+00
  0.29538660E-01 -0.65486233E+00
  0.44307990E-01 -0.53388410E+00
  0.59077319E-01 -0.33017340E+00
  0.73846649E-01 -0.47990292E-01
  0.88615979E-01  0.30158971E+00
  0.10338531E+00  0.70211387E+00
  0.11815464E+00  0.11340733E+01
  0.13292397E+00  0.15772646E+01
  0.14769330E+00  0.20126589E+01
  0.16246263E+00  0.24236476E+01
  0.17723196E+00  0.27967611E+01
  0.19200129E+00  0.31220147E+01
  0.20677062E+00  0.33930017E+01
  0.22153995E+00  0.36068096E+01
  0.23630928E+00  0.37638006E+01
  0.25107861E+00  0.38672795E+01
  0.26584794E+00  0.39230651E+01
  0.28061727E+00  0.39389814E+01
  0.29538660E+00  0.39242889E+01
  0.31015593E+00  0.38890802E+01
  0.32492526E+00  0.38436715E+01
  0.33969459E+00  0.37980230E+01
  0.35446392E+00  0.37612226E+01
  0.36923325E+00  0.37410640E+01
  0.38400258E+00  0.37437393E+01
  0.39877191E+00  0.37736549E+01
  0.41354124E+00  0.38333670E+01
  0.42831057E+00  0.39236168E+01
  0.44307990E+00  0.40434454E+01
  0.45784923E+00  0.41903618E+01
  0.47261856E+00  0.43605457E+01
  0.48738789E+00  0.45490721E+01
  0.50215722E+00  0.47501518E+01
  0.51692655E+00  0.49573844E+01
  0.53169587E+00  0.51640239E+01
  0.54646520E+00  0.53632527E+01
  0.56123453E+00  0.55484580E+01
  0.57600386E+00  0.57134999E+01
  0.59077319E+00  0.58529598E+01
  0.60554252E+00  0.59623545E+01
  0.62031185E+00  0.60383041E+01
  0.63508118E+00  0.60786445E+01
  0.64985051E+00  0.60824784E+01
  0.66461984E+00  0.60501635E+01
  0.67938917E+00  0.59832421E+01
  0.69415850E+00  0.58843174E+01
  0.70892783E+00  0.57568898E+01
  0.72369716E+00  0.56051630E+01
  0.73846649E+00  0.54338343E+01
  0.75323582E+00  0.52478818E+01
  0.76800515E+00  0.50523580E+01
  0.78277448E+00  0.48521993E+01
  0.79754381E+00  0.46520575E+01
  0.81231314E+00  0.44561533E+01
  0.82708247E+00  0.42681566E+01
  0.84185180E+00  0.40910883E+01
  0.85662113E+00  0.39272466E+01
  0.87139046E+00  0.37781538E+01
  0.88615979E+00  0.36445269E+01
  0.90092912E+00  0.35262732E+01
  0.91569845E+00  0.34225139E+01
  0.93046778E+00  0.33316405E+01
  0.94523711E+00  0.32514059E+01
  0.96000644E+00  0.31790497E+01
  0.97477577E+00  0.31114545E+01
  0.98954510E+00  0.30453245E+01
  0.10043144E+01  0.29773754E+01
  0.10190838E+01  0.29045213E+01
  0.10338531E+01  0.28240465E+01
  0.10486224E+01  0.27337475E+01
  0.10633917E+01  0.26320389E+01
  0.10781611E+01  0.25180151E+01
  0.10929304E+01  0.23914696E+01
  0.11076997E+01  0.22528711E+01
  0.11224691E+01  0.21033038E+01
  0.11372384E+01  0.19443792E+01
  0.11520077E+01  0.17781267E+01
  0.11667771E+01  0.16068735E+01
  0.11815464E+01  0.14331219E+01
  0.11963157E+01  0.12594321E+01
  0.12110850E+01  0.10883162E+01
  0.12258544E+01  0.92214737E+00
  0.12406237E+01  0.76308771E+00
  0.12553930E+01  0.61303276E+00
  0.12701624E+01  0.47357254E+00
  0.12849317E+01  0.34596554E+00
  0.12997010E+01  0.23112288E+00
  0.13144704E+01  0.12959992E+00
  0.13292397E+01  0.41594563E-01
  0.13440090E+01 -0.33046883E-01
  0.13587783E+01 -0.94813133E-01
  0.13735477E+01 -0.14449642E+00
  0.13883170E+01 -0.18314217E+00
  0.14030863E+01 -0.21197822E+00
  0.14178557E+01 -0.23232555E+00
  0.14326250E+01 -0.24549687E+00
  0.14473943E+01 -0.25269229E+00
  0.14621637E+01 -0.25490317E+00
  0.14769330E+01 -0.25283369E+00
  0.14916334E+01 -0.25322346E+00
  0.15063338E+01 -0.24822723E+00
  0.15210341E+01 -0.23826423E+00
  0.15357345E+01 -0.22407781E+00
  0.15504349E+01 -0.20665524E+00
  0.15651353E+01 -0.18712922E+00
  0.15798357E+01 -0.16667697E+00
  0.15945361E+01 -0.14643114E+00
  0.16092365E+01 -0.12741342E+00
  0.16239368E+01 -0.11049631E+00
  0.16386372E+01 -0.96393273E-01
  0.16533376E+01 -0.85672187E-01
  0.16680380E+01 -0.78783537E-01
  0.16827384E+01 -0.76092395E-01
  0.16974388E+01 -0.77903541E-01
  0.17121392E+01 -0.84471254E-01
  0.17268396E+01 -0.95989355E-01
  0.17415399E+01 -0.11256196E+00
  0.17562403E+01 -0.13415996E+00
  0.17709407E+01 -0.16057154E+00
  0.17856411E+01 -0.19135656E+00
  0.18003415E+01 -0.22581444E+00
  0.18150419E+01 -0.26297350E+00
  0.18297423E+01 -0.30160757E+00
  0.18444426E+01 -0.34028264E+00
  0.18591430E+01 -0.37743339E+00
  0.18738434E+01 -0.41146592E+00
  0.18885438E+01 -0.44087902E+00
  0.19032442E+01 -0.46439179E+00
  0.19179446E+01 -0.48106170E+00
  0.19326450E+01 -0.49037473E+00
  0.19473453E+01 -0.49229185E+00
  0.19620457E+01 -0.48724244E+00
  0.19767461E+01 -0.47606696E+00
  0.19914465E+01 -0.45992294E+00
  0.20061469E+01 -0.44017686E+00
  0.20208473E+01 -0.41830618E+00
  0.20355477E+01 -0.39583029E+00
  0.20502480E+01 -0.37427875E+00
  0.20649484E+01 -0.35519352E+00
  0.20796488E+01 -0.34015210E+00
  0.20943492E+01 -0.33079370E+00
  0.21090496E+01 -0.32883058E+00
  0.21237500E+01 -0.33603226E+00
  0.21384504E+01 -0.35417776E+00
  0.21531508E+01 -0.38497953E+00
  0.21678511E+01 -0.42998814E+00
  0.21825515E+01 -0.49049018E+00
  0.21972519E+01 -0.56741129E+00
  0.22119523E+01 -0.66123471E+00
  0.22266527E+01 -0.77194233E+00
  0.22413531E+01 -0.89898264E+00
  0.22560535E+01 -0.10412670E+01
  0.22707538E+01 -0.11971943E+01
  0.22854542E+01 -0.13647008E+01
  0.23001546E+01 -0.15413340E+01
  0.23148550E+01 -0.17243439E+01
  0.23295554E+01 -0.19106389E+01
  0.23443836E+01 -0.17491004E+01
  0.23592118E+01 -0.15874855E+01
  0.23740400E+01 -0.14299916E+01
  0.23888682E+01 -0.12805927E+01
  0.24036965E+01 -0.11428057E+01
  0.24185247E+01 -0.10194813E+01
  0.24333529E+01 -0.91263372E+00
  0.24481811E+01 -0.82332275E+00
  0.24630093E+01 -0.75159917E+00
  0.24778375E+01 -0.69652251E+00
  0.24926658E+01 -0.65625235E+00
  0.25074940E+01 -0.62820612E+00
  0.25223222E+01 -0.60926414E+00
  0.25371504E+01 -0.59599174E+00
  0.25519786E+01 -0.58484144E+00
  0.25668068E+01 -0.57230103E+00
  0.25816350E+01 -0.55496752E+00
  0.25964633E+01 -0.52955017E+00
  0.26112915E+01 -0.49283016E+00
  0.26261197E+01 -0.44162333E+00
  0.26409479E+01 -0.37279870E+00
  0.26557761E+01 -0.28339617E+00
  0.26706043E+01 -0.17086104E+00
  0.26854326E+01 -0.33375574E-01
  0.27002608E+01  0.12977273E+00
  0.27150890E+01  0.31787087E+00
  0.27299172E+01  0.52858930E+00
  0.27447454E+01  0.75796874E+00
  0.27595736E+01  0.10005880E+01
  0.27744018E+01  0.12498792E+01
  0.27892301E+01  0.14985387E+01
  0.28040583E+01  0.17389841E+01
  0.28188865E+01  0.19638147E+01
  0.28337147E+01  0.21662483E+01
  0.28485429E+01  0.23405120E+01
  0.28633711E+01  0.24821724E+01
  0.28781994E+01  0.25883926E+01
  0.28930276E+01  0.26581073E+01
  0.29078558E+01  0.26921081E+01
  0.29226840E+01  0.26930362E+01
  0.29375122E+01  0.26652827E+01
  0.29523404E+01  0.26148048E+01
  0.29671686E+01  0.25488687E+01
  0.29819969E+01  0.24757380E+01
  0.29968251E+01  0.24043306E+01
  0.30116533E+01  0.23438650E+01
  0.30264815E+01  0.23035151E+01
  0.30413097E+01  0.22920793E+01
  0.30561379E+01  0.23176607E+01
  0.30709662E+01  0.23873427E+01
  0.30857944E+01  0.25068424E+01
  0.31006226E+01  0.26801362E+01
  0.31154508E+01  0.29090741E+01
  0.31302790E+01  0.31930225E+01
  0.31451072E+01  0.35285947E+01
  0.31599354E+01  0.39095217E+01
  0.31747637E+01  0.43267004E+01
  0.31895919E+01  0.47684276E+01
  0.32044201E+01  0.52208000E+01
  0.32192483E+01  0.56682470E+01
  0.32340765E+01  0.60941577E+01
  0.32489047E+01  0.64815621E+01
  0.32637330E+01  0.68138347E+01
  0.32785612E+01  0.70753888E+01
  0.32933894E+01  0.72523386E+01
  0.33082176E+01  0.73331018E+01
  0.33230458E+01  0.73089257E+01
  0.33378740E+01  0.71743148E+01
  0.33527022E+01  0.69273462E+01
  0.33675305E+01  0.65698608E+01
  0.33823587E+01  0.61075213E+01
  0.33971869E+01  0.55497365E+01
  0.34120151E+01  0.49094504E+01
  0.34268433E+01  0.42028032E+01
  0.34416715E+01  0.34486705E+01
  0.34564998E+01  0.26680853E+01
  0.34713280E+01  0.18835433E+01
  0.34861562E+01  0.11181805E+01
  0.35009844E+01  0.39480222E+00
  0.35158126E+01 -0.26525419E+00
  0.35306408E+01 -0.84339337E+00
  0.35454690E+01 -0.13250334E+01
  0.35602973E+01 -0.17005818E+01
  0.35751255E+01 -0.19657554E+01
  0.35899537E+01 -0.21210562E+01
  0.36047819E+01 -0.21706048E+01
  0.36196101E+01 -0.21208563E+01
  0.36344383E+01 -0.19797073E+01
  0.36492666E+01 -0.17562016E+01
  0.36640948E+01 -0.14607042E+01
  0.36789230E+01 -0.11052467E+01
  0.36937512E+01 -0.70375649E+00
  0.37085794E+01 -0.27200138E+00
  0.37234076E+01  0.17278521E+00
  0.37382358E+01  0.61253759E+00
  0.37530641E+01  0.10291467E+01
  0.37678923E+01  0.14053026E+01
  0.37827205E+01  0.17253118E+01
  0.37975487E+01  0.19758348E+01
  0.38123769E+01  0.21465144E+01
  0.38272051E+01  0.22304785E+01
  0.38420334E+01  0.22247129E+01
  0.38568616E+01  0.21303099E+01
  0.38716898E+01  0.19525971E+01
  0.38865180E+01  0.17011587E+01
  0.39013462E+01  0.13897456E+01
  0.39161744E+01  0.10360537E+01
  0.39310026E+01  0.66129792E+00
  0.39458309E+01  0.28943581E+00
  0.39606591E+01 -0.54178213E-01
  0.39754873E+01 -0.34491047E+00
  0.39903155E+01 -0.56167172E+00
  0.40051437E+01 -0.68982893E+00
  0.40199719E+01 -0.72310671E+00
  0.40348002E+01 -0.66360271E+00
  
